#header
#====================================================================== 
#     VOLUME POINT TRANSIENT OUTPUT FILE 
#     VERSION: VizGlow 1.8beta
#     FORMAT:  Tecplot compatible 
#     POINT NAME = r0
#     POINT CELL INDEX = 7869
#     POINT POSITION (m) = ( 0.000625 , 0.011875 , 0.005 ) 
#     SUBDOMAIN NAME = PLASMA
#====================================================================== 
VARIABLES= "time(s)", "ElectrostaticPotential(V)", "NumberDensity_E(#/m3)", "NumberDensity_AR+(#/m3)", "NumberDensity_AR*(#/m3)", "ElectronTemp(K)", "EMwave_absorbedElectronPower(W/m3)", "Species_E_JouleHeat(W/m3)", "EMwave_EfieldX(V/m)", "EMwave_EfieldY(V/m)", "EMwave_Ax(V-s/m)", "EMwave_Ay(V-s/m)", "AVG_ElectrostaticPotential(V)", "AVG_NumberDensity_E(#/m3)", "AVG_Species_E_JouleHeat(W/m3)", "AVG_Species_E_gasChemSourceProduction(#/m3-s)", "AVG_ElectronTemp(K)", "AVG_EMwave_absorbedElectronPower(W/m3)"
ZONE T="./vg_VolPtTran_r0"
8.00020000000179e-06 218.864482007046 2.74195976177457e+15 2.74880895828277e+15 2.984518218217e+17 63760.4700668807 5.28148264970435 14574.0386181437 1.26304572330569 2.5997161512422 3.06004667053098e-11 1.01343578122369e-08 0 0 0 0 0 0 
8.00040000000179e-06 225.106193942742 2.7420302719244e+15 2.74889891845284e+15 2.984518218217e+17 63555.7879906035 11.2965033071388 14818.6660660103 0.434341616951716 -7.93018638133659 3.65234342468329e-11 1.15529900861683e-08 0 0 0 0 0 0 
8.00060000000179e-06 231.184011691221 2.74212515331548e+15 2.74898164514977e+15 2.984518218217e+17 63311.5478790351 -10.9720775510054 14732.7558815387 1.64589729549008 3.62459558596463 3.33539542734029e-11 1.16158997339971e-08 0 0 0 0 0 0 
8.00080000000179e-06 237.144215733627 2.74220456108624e+15 2.749055862963e+15 2.984518218217e+17 63035.5823484332 4.74505799668167 14517.0627658914 0.660014059363449 0.0452177195661937 3.40134598559156e-11 1.40968237470384e-08 0 0 0 0 0 0 
8.00100000000179e-06 242.975778251731 2.74227670764101e+15 2.74912062789543e+15 2.984518218217e+17 62738.2162892841 23.9216173184145 14170.368061745 0.770783264710139 -19.9378369442943 2.93453598622842e-11 1.52639580469837e-08 0 0 0 0 0 0 
8.0012000000018e-06 248.636890418545 2.74234132913294e+15 2.74917540461007e+15 2.98494294637462e+17 62429.3389580791 -6.81485676483263 13537.7338058179 0.773258065657754 2.01819405065757 3.91882947991876e-11 1.51909227788886e-08 0 0 0 0 0 0 
8.0014000000018e-06 253.939303535913 2.7424029741954e+15 2.74922009756521e+15 2.98494294637462e+17 62120.1638731947 -3.84465931038755 12838.7808413885 1.82265249369888 14.8344095251076 3.33757140451545e-11 1.63537175549174e-08 0 0 0 0 0 0 
8.0016000000018e-06 258.720566505377 2.74245340436996e+15 2.74925487222002e+15 2.98494294637462e+17 61802.3925801278 1.52235021292608 11760.6518379887 0.576746189432674 -27.3127793595628 4.10374281105294e-11 1.73922418417705e-08 0 0 0 0 0 0 
8.0018000000018e-06 263.178490980769 2.74249148488621e+15 2.74927971081336e+15 2.98494294637462e+17 61469.3554424065 10.746288557792 11008.439859242 1.00537811272738 -10.0168236786323 3.66143117366828e-11 1.86751799280072e-08 0 0 0 0 0 0 
8.0020000000018e-06 267.295419500794 2.74252015346832e+15 2.74929442551506e+15 2.98494294637462e+17 61119.662390293 20.8443994583372 10221.6803900505 1.54511487034581 -8.28004575164292 4.61877939731193e-11 1.93210169033085e-08 0 0 0 0 0 0 
8.0022000000018e-06 271.039580146769 2.7425407646307e+15 2.74929885312733e+15 2.98501621943543e+17 60756.4872493446 -1.20351596833212 9312.72769257037 2.51572017570466 1.16281992877963 4.2017252750646e-11 1.92610685343715e-08 0 0 0 0 0 0 
8.0024000000018e-06 274.374851433747 2.74255333041317e+15 2.74929303480869e+15 2.98501621943543e+17 60384.5778983019 5.36497343257304 8345.03934145363 2.13132010178867 23.3687757771191 2.64092926066318e-11 2.04688834779488e-08 0 0 0 0 0 0 
8.0026000000018e-06 277.205077020144 2.74255679426709e+15 2.74927702731492e+15 2.98501621943543e+17 60004.1586646193 10.327830585038 7144.98812330159 0.329388927558069 -29.9958187445772 3.29367500926468e-11 2.07564515040099e-08 0 0 0 0 0 0 
8.0028000000018e-06 279.40698166823 2.74255469721289e+15 2.74925102257832e+15 2.98501621943543e+17 59608.5961345711 2.13692556322468 5726.25684073992 1.46351524552283 -10.0693105400737 3.57336484136309e-11 2.05594963361089e-08 0 0 0 0 0 0 
8.00300000000181e-06 281.004176799441 2.7425403296766e+15 2.7492150873812e+15 2.98501621943543e+17 59200.9265052033 2.20616858122299 4611.33541762054 2.11590345541323 12.8143155133244 4.06855299857106e-11 2.07866085878595e-08 0 0 0 0 0 0 
8.00320000000181e-06 281.934014985978 2.7425107612745e+15 2.74916942467682e+15 2.98470830892665e+17 58783.1876067301 -2.21329799314378 3558.69076039035 0.9440186320683 -1.06590724492687 2.4909365006678e-11 2.05953735508683e-08 0 0 0 0 0 0 
8.00340000000181e-06 282.134054416965 2.74247643835921e+15 2.74911438789476e+15 2.98470830892665e+17 58357.5424999162 -1.18378443706685 2575.705359869 2.94810484194057 -0.428534107141454 3.78630117853021e-11 2.06896990042274e-08 0 0 0 0 0 0 
8.00360000000181e-06 281.562652364104 2.74243024874742e+15 2.74905029021809e+15 2.98470830892665e+17 57924.3449002206 2.94983728789428 1676.5751246513 4.22890182769991 4.47506833850103 4.07200764541678e-11 2.04309144736353e-08 0 0 0 0 0 0 
8.00380000000181e-06 280.197348341752 2.74237344393801e+15 2.74897755156132e+15 2.98470830892665e+17 57484.2408326143 -12.3795098350634 914.053136170713 3.86815191876471 4.90510096536399 3.76501628900516e-11 1.93684389607874e-08 0 0 0 0 0 0 
8.00400000000181e-06 278.712346371643 2.74230623712309e+15 2.74889663028221e+15 2.98470830892665e+17 57046.0812068255 -10.9235937418579 460.071321872125 2.13788150401734 41.8024511955206 3.68436846605815e-11 2.05420583683815e-08 0 0 0 0 0 0 
8.00420000000181e-06 275.657325246486 2.74224001986047e+15 2.74880810114488e+15 2.98402275163576e+17 56598.8705849448 13.0407587394008 8.0997492789907 1.79607644229437 -26.4415938317529 3.30210473481747e-11 1.84413110014281e-08 0 0 0 0 0 0 
8.00440000000181e-06 271.687671422955 2.74214900112994e+15 2.74871247788001e+15 2.98402275163576e+17 56145.1689220197 -80.0428457442526 2.64464071430693 2.05318019422307 72.6286592345614 2.86898371662569e-11 1.45694049899824e-08 0 0 0 0 0 0 
8.00460000000181e-06 266.912809438499 2.74205241270385e+15 2.74861022738811e+15 2.98402275163576e+17 55689.3306014901 19.3850780778907 360.558103546731 3.47172234557566 43.1624563011399 2.53953309480529e-11 1.9885780440919e-08 0 0 0 0 0 0 
8.00480000000181e-06 261.362672589287 2.74195154684265e+15 2.74850190501148e+15 2.98402275163576e+17 55238.7046074697 8.50790761074498 1100.32469120144 1.47414899118797 -24.2680848651444 7.06267197177805e-12 1.55790134577692e-08 0 0 0 0 0 0 
8.00500000000181e-06 255.098266645325 2.74184295933339e+15 2.74838813454395e+15 2.98402275163576e+17 54802.6245281878 -26.9922506132228 2234.3594959144 1.73308833459046 57.8144088040047 3.98120525025009e-11 1.42560231051834e-08 0 0 0 0 0 0 
8.00520000000182e-06 248.200806613311 2.7417267567398e+15 2.74826969207681e+15 2.98300569032037e+17 54390.9634090175 11.4684079577591 3755.28239954903 3.38963121578988 46.0149529697969 8.71187235896313e-12 1.53004392846588e-08 0 0 0 0 0 0 
8.00540000000182e-06 240.765597341327 2.74160278786721e+15 2.74814716958279e+15 2.98300569032037e+17 54013.8008464776 -3.46790057527741 5603.30585247483 1.63499776780803 92.5226670833362 3.45541885596322e-11 1.2272385533721e-08 0 0 0 0 0 0 
8.00560000000182e-06 232.901554432679 2.7414693544198e+15 2.74802125450326e+15 2.98300569032037e+17 53681.7857167465 5.51567815064158 7694.39576257537 1.25428027898638 56.021088595794 5.95723402975668e-13 1.28220545516546e-08 0 0 0 0 0 0 
8.00580000000182e-06 224.704778667074 2.74132940840611e+15 2.74789261017211e+15 2.98300569032037e+17 53406.6260014332 2.02513991698576 10107.8267443508 1.34634373446759 -25.5683216695884 9.38198918130906e-12 9.74153406839132e-09 0 0 0 0 0 0 
8.00600000000182e-06 216.272544850127 2.74118128980256e+15 2.7477618766682e+15 2.98300569032037e+17 53202.0550436115 -7.61504049010891 12594.1151255384 0.966774122198858 60.9293477794925 1.10585350635625e-13 7.54730357545487e-09 0 0 0 0 0 0 
8.00620000000182e-06 207.778876179215 2.74102855589182e+15 2.74762975023171e+15 2.98179268234174e+17 53078.8057705592 3.38701125727695 15047.872284623 3.49842007622849 37.8376406993011 -6.00251144417881e-13 9.08713346407868e-09 0 0 0 0 0 0 
8.00640000000182e-06 199.314571468588 2.74086706839997e+15 2.74749677063991e+15 2.98179268234174e+17 53043.5322022331 -1.00656602273258 17151.8289247537 1.96809366460968 -2.32583091243893 -1.24335646824936e-11 6.30967226713925e-09 0 0 0 0 0 0 
8.00660000000182e-06 190.803198103959 2.74071286496159e+15 2.74736355399178e+15 2.98179268234174e+17 53089.7514978186 1.12951966407811 18560.1465017833 1.36099059340253 13.2085641187239 2.39947702602711e-12 3.86811929056515e-09 0 0 0 0 0 0 
8.00680000000182e-06 182.402491871239 2.7405544258958e+15 2.7472306429748e+15 2.98179268234174e+17 53216.1446032182 0.701289980681777 20062.0465928376 0.83225604267554 1.96025377786389 -1.19660009035146e-11 2.28800849489868e-09 0 0 0 0 0 0 
8.00700000000182e-06 174.162013458331 2.7403942086147e+15 2.7470985917065e+15 2.98179268234174e+17 53423.9746739242 6.98922988970412 21305.328805722 0.613476279660378 19.9427593239344 5.62118317122444e-12 1.30788987448911e-10 0 0 0 0 0 0 
8.00720000000182e-06 166.107293973796 2.74023039290953e+15 2.7469680199867e+15 2.98060709915058e+17 53711.5533249606 -2.20654742360656 22369.7658538341 0.308594213608271 -3.52229828928232 -2.5224088511753e-11 -1.38298656008798e-11 0 0 0 0 0 0 
8.00740000000183e-06 158.355828046836 2.74005939946859e+15 2.74683962279536e+15 2.98060709915058e+17 54076.356463244 2.92622279504341 23956.3128464373 -0.538056500316616 -13.8459220054533 -1.48720654180085e-11 -2.82413443735324e-09 0 0 0 0 0 0 
8.00760000000183e-06 151.058809727672 2.73990877832918e+15 2.74671425245999e+15 2.98060709915058e+17 54518.9231300595 18.0248948316732 24556.3802696889 0.574031630697814 7.87582983744018 -4.27472508726179e-11 -4.87287269377709e-09 0 0 0 0 0 0 
8.00780000000183e-06 144.229689610453 2.73976225282868e+15 2.7465929495286e+15 2.98060709915058e+17 55039.2270959296 5.01474200978047 24415.8546662883 0.415504796674862 9.90148060008852 -2.54319505866909e-11 -5.35787758162849e-09 0 0 0 0 0 0 
8.00800000000183e-06 137.805173869282 2.73962286841108e+15 2.74647701985205e+15 2.98060709915058e+17 55636.7091642611 13.5140849466871 24169.868644457 0.446017040523066 -2.96037506366979 -4.74747486466171e-11 -7.65514297035821e-09 0 0 0 0 0 0 
8.00820000000183e-06 131.651208553299 2.73949365888347e+15 2.74636810775605e+15 2.97971314790629e+17 56300.5515282664 12.4847701372821 23774.2066527302 0.659549802797202 -12.1650197017793 -3.23213451757062e-11 -8.81283816925553e-09 0 0 0 0 0 0 
8.00840000000183e-06 125.505973958477 2.73937078943648e+15 2.74626809653395e+15 2.97971314790629e+17 57000.5873620313 18.3824483063163 23904.7815423686 -0.292948710020896 -6.48802179599472 -2.75438989511377e-11 -1.07553808484756e-08 0 0 0 0 0 0 
8.00860000000183e-06 119.81721990087 2.73926628149986e+15 2.74617886034378e+15 2.97971314790629e+17 57707.9932227023 21.8292256083726 23054.148876529 -0.603940225525317 -5.10365903873663 -3.75509062631965e-11 -1.19113593902612e-08 0 0 0 0 0 0 
8.00880000000183e-06 114.633093922996 2.73917898430558e+15 2.74610200228256e+15 2.97971314790629e+17 58414.5797264599 -0.22905856870483 21866.4467703949 -1.85642395350273 19.7925803934133 -2.24065749127788e-11 -1.23439374655641e-08 0 0 0 0 0 0 
8.00900000000183e-06 109.927968896545 2.73910487057261e+15 2.74603904660968e+15 2.97971314790629e+17 59128.0627852362 2.83441852298863 20850.8777152807 -0.278874810196987 -9.2616438809446 -3.17058253964896e-11 -1.38848123773466e-08 0 0 0 0 0 0 
8.00920000000183e-06 105.69376077134 2.73905179305082e+15 2.74599172116354e+15 2.97940551757068e+17 59857.6080763069 18.3989743305479 19106.6280781249 1.30532407599363 9.12387878628855 -3.09492815102838e-11 -1.52495398963725e-08 0 0 0 0 0 0 
8.00940000000183e-06 101.902335608805 2.73901682932303e+15 2.74596194170248e+15 2.97940551757068e+17 60599.1342832553 10.8512643582896 17350.0828362431 -1.95309797951162 -0.596042627003043 -4.67058309164199e-11 -1.59802470897223e-08 0 0 0 0 0 0 
8.00960000000184e-06 98.5244841995615 2.73898010601515e+15 2.74595170737024e+15 2.97940551757068e+17 61327.043303221 9.80125626985462 16236.1054393225 -1.25443374685917 -9.64558329230297 -3.48319042208843e-11 -1.70497820215588e-08 0 0 0 0 0 0 
8.00980000000184e-06 95.4853837918879 2.73900002137512e+15 2.74596222776458e+15 2.97940551757068e+17 62015.812597496 -1.49859614933106 14766.0174033235 -2.06269295539248 -5.79813503286053 -4.30533995699383e-11 -1.74062208586721e-08 0 0 0 0 0 0 
8.01000000000184e-06 92.8299698533563 2.73902721009357e+15 2.74599375243049e+15 2.97940551757068e+17 62655.0635319375 -2.0732930313891 13039.8957987828 -2.20421085905013 0.290089478997997 -4.11963749868485e-11 -1.84023180763209e-08 0 0 0 0 0 0 
8.01020000000184e-06 90.5497632729719 2.73907445993824e+15 2.74604590202317e+15 2.97982956944762e+17 63242.7383225893 12.3969308878156 11343.9938515864 0.0612199510833273 -8.24009697233222 -4.87965963868679e-11 -1.93271246789759e-08 0 0 0 0 0 0 
8.01040000000184e-06 88.6796827771635 2.73914286286927e+15 2.74611775852801e+15 2.97982956944762e+17 63773.5674546213 3.4330577320507 9652.19369362629 -2.61747346650206 -14.4749559981931 -3.14860344025621e-11 -1.93983285277156e-08 0 0 0 0 0 0 
8.01060000000184e-06 87.2576029392207 2.73923031603839e+15 2.7462082111015e+15 2.97982956944762e+17 64246.8185024761 9.7579318344145 8031.96372397775 -1.51292660882869 -5.11321891958524 -3.61453032621934e-11 -2.04382902615327e-08 0 0 0 0 0 0 
8.01080000000184e-06 86.2930523565346 2.73933823179073e+15 2.74631575755394e+15 2.97982956944762e+17 64664.9469377041 -9.65119567387493 6506.51014849019 -0.879100613817679 8.54462211993568 -3.38445269387089e-11 -1.9787808607361e-08 0 0 0 0 0 0 
8.01100000000184e-06 85.7890617952325 2.73946375128387e+15 2.74643878737652e+15 2.97982956944762e+17 65031.5915810812 -5.45119681230024 5098.21334359912 -1.70629158182809 -16.1582606316301 -3.92769615732357e-11 -2.00863581572358e-08 0 0 0 0 0 0 
8.01120000000184e-06 85.7338424564991 2.73960206342681e+15 2.74657565146562e+15 2.98080777038814e+17 65351.8639265981 0.866008126100198 3885.81589735257 -1.61447076784058 -27.6187493905768 -2.68184292191612e-11 -2.01963400927746e-08 0 0 0 0 0 0 
8.01140000000184e-06 86.1273693160966 2.73975775030402e+15 2.74672462224299e+15 2.98080777038814e+17 65638.2551297191 -7.91825067634375 2755.07068314337 -1.66606179787841 -6.33448113820014 -3.48955164942578e-11 -2.00000730419209e-08 0 0 0 0 0 0 
8.01160000000185e-06 86.9705949195208 2.73992135429294e+15 2.74688474387386e+15 2.98080777038814e+17 65895.8981696928 -7.93677693105941 1812.15703238808 -1.24448385060165 -0.890434259536741 -2.64822563962356e-11 -1.99698566928601e-08 0 0 0 0 0 0 
8.01180000000185e-06 88.2402897169958 2.74007652072829e+15 2.74705501633345e+15 2.98080777038814e+17 66110.3934711401 -4.73614978072277 1103.9688087206 -2.1909348298675 6.82578658024003 -3.85711136071203e-11 -1.97947197953603e-08 0 0 0 0 0 0 
8.01200000000185e-06 89.9273193904238 2.74028148416799e+15 2.74723382294129e+15 2.98080777038814e+17 66275.4248159201 0.415897513130027 547.674712596743 -2.37500309227478 -21.8600023058131 -1.35942068423786e-11 -1.93798510001425e-08 0 0 0 0 0 0 
8.01220000000185e-06 92.0298674075154 2.74048025267706e+15 2.7474191731182e+15 2.98208924681541e+17 66396.0741747428 -1.75634679863734 168.476768563891 -2.58927432671241 -12.98904144936 -3.65492283920595e-11 -1.88600397608125e-08 0 0 0 0 0 0 
8.01240000000185e-06 94.5361410223639 2.74068175807872e+15 2.74760918729584e+15 2.98208924681541e+17 66478.8370132276 -6.34168058397955 -7.78150047271071 -2.56349731615764 -22.0285992366135 -1.90807430877152e-11 -1.80946802616165e-08 0 0 0 0 0 0 
8.01260000000185e-06 97.440510535861 2.74088569642835e+15 2.74780256509909e+15 2.98208924681541e+17 66529.6070651781 -3.86493372205864 16.034401036558 -1.39269986988673 -15.4121033802924 -3.76797534581063e-11 -1.75186272212504e-08 0 0 0 0 0 0 
8.01280000000185e-06 100.72880469434 2.7410918182724e+15 2.74799802140434e+15 2.98208924681541e+17 66552.9597797095 -3.59310840067058 227.035872183995 -3.08448304235123 9.56434108281005 -1.28166506808289e-11 -1.6518933589456e-08 0 0 0 0 0 0 
8.01300000000185e-06 104.38696385517 2.74129950362695e+15 2.74819444907983e+15 2.98208924681541e+17 66552.7262592652 -3.313460064278 609.455945941043 -2.39912485337372 -3.76161314802507 -2.2251009081765e-11 -1.55933766286084e-08 0 0 0 0 0 0 
8.01320000000185e-06 108.392342568127 2.74150633869604e+15 2.74839085445173e+15 2.98343576932955e+17 66532.1752377975 -2.02510112280508 1145.06956596787 -0.747098777109183 -2.30096415948102 -1.08835050279002e-11 -1.48060511668831e-08 0 0 0 0 0 0 
8.01340000000185e-06 112.722637823554 2.74171180449699e+15 2.7485862967935e+15 2.98343576932955e+17 66494.1816261694 -3.5286525213468 1820.24261917432 -3.31337615550301 1.45974694890423 -1.67378468681067e-11 -1.35405262434336e-08 0 0 0 0 0 0 
8.01360000000186e-06 117.365133611681 2.74191459403712e+15 2.74878022768036e+15 2.98343576932955e+17 66441.5521766083 -2.47798331113588 2609.51103569601 -1.4439733917112 -12.5436779756667 -4.50126578836682e-12 -1.25522095722991e-08 0 0 0 0 0 0 
8.01380000000186e-06 122.290353578095 2.74211478218484e+15 2.74897205796304e+15 2.98343576932955e+17 66375.9824507512 -3.42576164701417 3492.6552440183 -1.92370953462036 8.30054339796231 -8.31429985715898e-12 -1.10283510743708e-08 0 0 0 0 0 0 
8.01400000000186e-06 127.468338756384 2.74230861129101e+15 2.74916127003117e+15 2.98343576932955e+17 66297.9648542202 -1.73646892876825 4534.48680790171 -1.48550290801114 15.8209080762158 2.78600213752496e-12 -1.0130388143714e-08 0 0 0 0 0 0 
8.01420000000186e-06 132.923066355583 2.7424918595506e+15 2.74934741832205e+15 2.9847138833142e+17 66203.7020058421 -0.790275839184985 5632.50239381245 -1.28140410927456 -4.24692278181879 -6.43812019973044e-12 -8.73870703843086e-09 0 0 0 0 0 0 
8.01440000000186e-06 138.643778262995 2.74266375839054e+15 2.74952975116548e+15 2.9847138833142e+17 66077.3390894663 -1.01853088468823 6535.3369485655 -3.16275792627378 -6.46671253730172 1.16246490205883e-12 -7.14882275470607e-09 0 0 0 0 0 0 
8.01460000000186e-06 144.615348706959 2.74284873950658e+15 2.74970706135523e+15 2.9847138833142e+17 65915.2451816831 -0.0519291971303818 7533.53708664145 -0.492197312500427 2.84306260470886 -6.42367018096769e-13 -5.72141404624279e-09 0 0 0 0 0 0 
8.01480000000186e-06 150.803077276049 2.74302324018359e+15 2.74987796010711e+15 2.9847138833142e+17 65725.9665864211 0.652140176856908 8553.74267787896 -1.97934553210041 -4.94453804474759 3.34516818892735e-12 -4.41495402704238e-09 0 0 0 0 0 0 
8.01500000000186e-06 157.177135526521 2.74318582826618e+15 2.75004141907362e+15 2.9847138833142e+17 65517.5828466052 1.59230579692607 9540.14936545132 -2.84528288512317 -0.0589164713670442 1.18799871884649e-11 -2.92993044658263e-09 0 0 0 0 0 0 
8.01520000000186e-06 163.709999116023 2.74333926646692e+15 2.75019674507483e+15 2.98579484774395e+17 65295.9571404674 1.05975943412831 10523.4658590104 -0.608222691324842 -2.09473911963321 4.22009520875293e-12 -1.60622025701785e-09 0 0 0 0 0 0 
8.01540000000186e-06 170.365942090237 2.74348395013365e+15 2.75034354767256e+15 2.98579484774395e+17 65068.6432793562 3.92442958724133 11504.3660941678 -1.48031405383234 7.97598873086463 1.60563020816556e-11 1.40060035429637e-10 0 0 0 0 0 0 
8.01560000000187e-06 177.124621780803 2.7436200045059e+15 2.75048164752242e+15 2.98579484774395e+17 64843.6297869366 4.90013617698129 12241.1540582847 0.29751958748241 7.57957009184231 1.31316898892533e-11 1.55328091051236e-09 0 0 0 0 0 0 
8.01580000000187e-06 183.961130117116 2.74374953461104e+15 2.75061122222706e+15 2.98579484774395e+17 64634.8289290502 4.22922936252704 13001.7517955786 -1.82325449332774 -15.5918315119406 1.99638150439504e-11 2.9730031307444e-09 0 0 0 0 0 0 
8.01600000000187e-06 190.794804741569 2.74387100763225e+15 2.750732969239e+15 2.98579484774395e+17 64448.4441937607 4.39669377002751 13620.4548601435 -0.665644052864655 -4.00457277745496 2.08510282116093e-11 4.30625589491721e-09 0 0 0 0 0 0 
8.01620000000187e-06 197.551548385082 2.74398605188585e+15 2.75084777101787e+15 2.98661571021264e+17 64282.6333705967 5.29086712324487 14124.2903231445 -0.317486100217507 3.98004951874041 2.43222744939905e-11 5.79767518377665e-09 0 0 0 0 0 0 
8.01640000000187e-06 204.171633860589 2.74409533576266e+15 2.75095659321612e+15 2.98661571021264e+17 64133.388316975 8.88537413896656 14499.4240743487 1.57983201099519 -3.49632581774718 2.42587155196079e-11 7.2950191109839e-09 0 0 0 0 0 0 
8.01660000000187e-06 210.624496652245 2.74419099576425e+15 2.75105997177224e+15 2.98661571021264e+17 63993.8540167663 5.40971774457962 14768.5956930438 -0.297009992582037 -18.5439141854936 1.99308225996468e-11 8.34409647067605e-09 0 0 0 0 0 0 
8.01680000000187e-06 216.966331745278 2.74428563492216e+15 2.75115830090216e+15 2.98661571021264e+17 63837.5751436059 6.0504692104033 14552.4000415238 0.392396559749563 -2.82276902010014 3.84954447160572e-11 9.73833944796991e-09 0 0 0 0 0 0 
8.01700000000187e-06 223.269959919584 2.74437917753574e+15 2.75125102178311e+15 2.98661571021264e+17 63645.6041627397 5.94211924131578 14726.4501417928 0.568056258379612 -11.7597835857292 3.12524345299942e-11 1.11140991212658e-08 0 0 0 0 0 0 
8.01720000000187e-06 229.404456813326 2.74447789194512e+15 2.75133690680776e+15 2.98724820666548e+17 63413.622333336 8.99413122839542 14853.4865095888 -0.277167632981677 4.65435483825032 2.71031269896643e-11 1.23372488578876e-08 0 0 0 0 0 0 
8.01740000000187e-06 235.431121572396 2.74456107571603e+15 2.75141480782384e+15 2.98724820666548e+17 63147.1840581071 9.73337735539575 14695.4517647015 -0.265421652904984 -11.8359763469136 3.34519684918026e-11 1.34950997624525e-08 0 0 0 0 0 0 
8.01760000000187e-06 241.334061530767 2.74463623584724e+15 2.7514835071678e+15 2.98724820666548e+17 62856.1946547584 6.5291850413121 14387.4559048263 -0.464994964251104 -21.3555954397954 3.7986034151197e-11 1.43647406154834e-08 0 0 0 0 0 0 
8.01780000000188e-06 247.07996697517 2.74470418725602e+15 2.7515423443309e+15 2.98724820666548e+17 62550.2007203562 4.23404789665001 13829.7254031921 0.395754315516261 -6.82480581012861 4.10391796846659e-11 1.5576742577189e-08 0 0 0 0 0 0 
8.01800000000188e-06 252.578304761587 2.74476594793662e+15 2.75159102960181e+15 2.98724820666548e+17 62241.4212071053 8.4158906003107 13292.2126278235 1.81906652289373 -10.059004120336 2.31560506352396e-11 1.65745388811374e-08 0 0 0 0 0 0 
8.01820000000188e-06 257.511663207053 2.74482379054609e+15 2.75162970935255e+15 2.98756413934791e+17 61927.9036771047 13.4491923479752 12130.3978558206 -0.486006908967144 -28.2856275495846 4.69176114417979e-11 1.73773412408082e-08 0 0 0 0 0 0 
8.01840000000188e-06 262.102532224367 2.74486537791544e+15 2.75165861015315e+15 2.98756413934791e+17 61601.0771638599 -1.82717738893306 11325.3106479908 0.173180451460421 6.67223554117218 3.94271700009318e-11 1.78821065571262e-08 0 0 0 0 0 0 
8.01860000000188e-06 266.363249845829 2.74489810462664e+15 2.75167744704474e+15 2.98756413934791e+17 61257.4912660822 6.13340360604613 10575.7738944183 2.12297587175246 0.165511884000683 3.42846621178745e-11 1.88860146782707e-08 0 0 0 0 0 0 
8.01880000000188e-06 270.257828455668 2.74492178177658e+15 2.75168601805936e+15 2.98756413934791e+17 60898.79895054 7.49734913110311 9695.97146505053 2.83279887001271 -3.3548162600368 2.89994339335215e-11 1.95302317482332e-08 0 0 0 0 0 0 
8.01900000000188e-06 273.753617118989 2.74493752233062e+15 2.75168422526498e+15 2.98756413934791e+17 60529.4578783383 8.47338863058864 8738.03682608965 1.96054638522677 -1.37931515098071 4.59872412275881e-11 2.02303606359832e-08 0 0 0 0 0 0 
8.01920000000188e-06 276.788309176573 2.74494348460262e+15 2.75167216368097e+15 2.98751853133539e+17 60153.0603528797 -0.15386952062459 7687.23567142691 1.74070577318327 -13.6519566836424 3.79280334656457e-11 2.04227294364843e-08 0 0 0 0 0 0 
8.01940000000188e-06 279.210973492858 2.74494543302643e+15 2.7516501210477e+15 2.98751853133539e+17 59763.27739173 -5.02310889230348 6153.64598110206 2.07362672449198 2.52465671524092 2.54514324592601e-11 2.04252085843142e-08 0 0 0 0 0 0 
8.01960000000188e-06 281.037362295637 2.74493610421193e+15 2.75161809708739e+15 2.98751853133539e+17 59359.9204840088 4.49837218544379 5023.51875847862 3.26632918580396 -1.06448716544907 3.47891876490507e-11 2.09552118592375e-08 0 0 0 0 0 0 
8.01980000000188e-06 282.209326293037 2.74491351533199e+15 2.75157623371048e+15 2.98751853133539e+17 58945.5716396063 5.10311880906448 3938.94215555541 1.09615561547171 -8.21053921713102 3.22356879754921e-11 2.09544200458944e-08 0 0 0 0 0 0 
8.02000000000188e-06 282.664136305069 2.74488182731221e+15 2.75152478748957e+15 2.98751853133539e+17 58522.2697899089 -5.14896652227794 2924.2504632734 3.59221443374258 -0.568190814163029 2.65195991038825e-11 2.05254799332633e-08 0 0 0 0 0 0 
8.02020000000189e-06 282.355543873366 2.74483901351887e+15 2.75146409489041e+15 2.98708770587182e+17 58091.3205615262 -4.81017643705053 1983.1035420458 3.50882261216103 4.81030037677707 2.74179728128558e-11 2.04079742084263e-08 0 0 0 0 0 0 
8.02040000000189e-06 281.261513206272 2.74478557904985e+15 2.75139461009984e+15 2.98708770587182e+17 57653.3721277479 -3.72777415703744 1165.01102068912 2.93923932444854 12.3899275305866 3.51903443138676e-11 2.01025344521526e-08 0 0 0 0 0 0 
8.02060000000189e-06 279.348448007556 2.7447227499115e+15 2.75131674346118e+15 2.98708770587182e+17 57209.0151787064 -2.17505285029664 514.925725081545 2.30870385268982 12.9296434685636 4.02146125579425e-11 1.95717231205741e-08 0 0 0 0 0 0 
8.02080000000189e-06 276.568586164345 2.74465170603164e+15 2.75123097700376e+15 2.98708770587182e+17 56758.3158653467 -4.41493614995887 79.5793936709846 2.5510695173395 1.71670515193345 2.92444763195624e-11 1.91042082906876e-08 0 0 0 0 0 0 
8.02100000000189e-06 272.897310705285 2.7445707624045e+15 2.75113780965013e+15 2.98708770587182e+17 56301.858052347 -8.05616608083574 -38.0030620024248 2.89118938653516 14.2330864319837 3.69365523383058e-11 1.82319809897181e-08 0 0 0 0 0 0 
8.02120000000189e-06 268.409907639412 2.74447791139389e+15 2.75103771789493e+15 2.98628575215291e+17 55843.3259625151 -2.94924554879106 202.425923619679 3.74627577632614 12.7938227946765 2.46894976536213e-11 1.76446260388893e-08 0 0 0 0 0 0 
8.02140000000189e-06 263.141033204555 2.74437934891985e+15 2.75093131637545e+15 2.98628575215291e+17 55389.4072584545 -5.24223018236289 815.450615301265 1.46241249764073 7.54370031445968 2.46855778732004e-11 1.65134226804772e-08 0 0 0 0 0 0 
8.02160000000189e-06 257.135729221196 2.74427307501641e+15 2.75081923592408e+15 2.98628575215291e+17 54948.2163697046 -4.84969129927217 1821.99458284515 1.62092049302794 23.6833381865081 1.73308354594732e-11 1.5382697794631e-08 0 0 0 0 0 0 
8.02180000000189e-06 250.467356381637 2.74415922158762e+15 2.75070215570745e+15 2.98628575215291e+17 54528.8017876829 -5.33092756273739 3216.64884749145 1.7920659148157 7.13217484647212 1.66666931610887e-11 1.43149726822482e-08 0 0 0 0 0 0 
8.02200000000189e-06 243.224478761301 2.74403603742241e+15 2.75058077363425e+15 2.98628575215291e+17 54140.9189473035 -4.28566714658358 4967.95685434434 2.55969642707265 28.7999033306948 1.93038091736021e-11 1.30958630873259e-08 0 0 0 0 0 0 
8.0222000000019e-06 235.513974696358 2.743906458356e+15 2.75045591881986e+15 2.98518313295062e+17 53794.7973834963 -2.12604399356704 6989.06291922186 0.448975176344792 11.8252155271127 1.27598789634788e-11 1.18461963559136e-08 0 0 0 0 0 0 
8.0224000000019e-06 227.448254952962 2.74376903692381e+15 2.75032811579237e+15 2.98518313295062e+17 53501.4960102243 -2.29778471873474 9222.27129379517 1.14673446432311 23.4035746079379 9.96174876304493e-12 1.03625978470748e-08 0 0 0 0 0 0 
8.0226000000019e-06 219.088150299238 2.74362394019028e+15 2.75019802176298e+15 2.98518313295062e+17 53274.4833853232 -2.16709266002342 11752.0294292882 0.272299307413018 20.3194379272419 3.71088655948719e-12 8.92301201844798e-09 0 0 0 0 0 0 
8.0228000000019e-06 210.618418635865 2.74347123867356e+15 2.75006627283638e+15 2.98518313295062e+17 53125.3220288212 -1.19219564025948 14265.0466499199 1.87726602752046 10.5288923748608 -3.76374162629171e-13 7.55897919553256e-09 0 0 0 0 0 0 
8.0230000000019e-06 202.160458014678 2.7433154043176e+15 2.7499334900337e+15 2.98518313295062e+17 53062.4083454397 -0.145414815551207 16488.4864504903 1.81057533933039 26.305027048775 3.52989790521271e-12 6.00766644683602e-09 0 0 0 0 0 0 
8.0232000000019e-06 193.669280892258 2.74315600186668e+15 2.74980031356308e+15 2.98395409007497e+17 53083.7485129377 0.759364769427571 18050.4444939609 0.236851992327698 12.3763829742625 -3.84140815281009e-12 4.40066389119993e-09 0 0 0 0 0 0 
8.0234000000019e-06 185.233854666706 2.74300032610761e+15 2.74966726154816e+15 2.98395409007497e+17 53184.6329090317 1.51591623775308 19569.9421044654 0.883311897730563 19.250643772533 -1.01861272247517e-11 2.82474668438249e-09 0 0 0 0 0 0 
8.0236000000019e-06 176.946294569831 2.74284022097988e+15 2.74953489208055e+15 2.98395409007497e+17 53366.6046432456 2.87365787667582 20891.9619286253 2.35526395693181 28.7227283874094 -8.64499785123283e-12 1.11941174593169e-09 0 0 0 0 0 0 
8.0238000000019e-06 168.831511687025 2.74267886314143e+15 2.74940380429821e+15 2.98395409007497e+17 53629.1185014574 4.05386974321334 21993.1702315934 -1.7769082555552 5.31074267026659 -1.52403884179334e-11 -4.62797921434911e-10 0 0 0 0 0 0 
8.02400000000191e-06 160.960335385358 2.74250733828108e+15 2.74927468086439e+15 2.98395409007497e+17 53968.3660412197 4.51350570035899 23490.3725169979 0.450818434623274 14.8490884192172 -1.68728659573292e-11 -2.0356823016484e-09 0 0 0 0 0 0 
8.02420000000191e-06 153.517820901665 2.74235029843744e+15 2.74914830065417e+15 2.98283334907171e+17 54385.3497450735 5.42902295494021 24533.6140646247 -0.257829249228457 7.23000628246407 -2.64302800163559e-11 -3.52774400020617e-09 0 0 0 0 0 0 
8.02440000000191e-06 146.542918740323 2.74220427488365e+15 2.74902562449915e+15 2.98283334907171e+17 54879.7731616545 4.66236879990726 24451.6360743128 0.76503162752235 10.3212518139629 -3.15891180615887e-11 -4.92383862402999e-09 0 0 0 0 0 0 
8.02460000000191e-06 140.000549727893 2.7420614194954e+15 2.74890788259002e+15 2.98283334907171e+17 55452.1697739794 6.46342814040242 24229.8934597227 0.460631590655318 -7.43133226400339 -3.60659296162507e-11 -6.60986586557387e-09 0 0 0 0 0 0 
8.02480000000191e-06 133.781832802447 2.74193088681225e+15 2.74879661037376e+15 2.98283334907171e+17 56096.5458380853 8.98593043024264 23912.3561212367 -0.230180111631422 -3.77481607700604 -3.17005986921719e-11 -8.29293507268792e-09 0 0 0 0 0 0 
8.02500000000191e-06 127.616725610237 2.74180455546473e+15 2.74869366131177e+15 2.98283334907171e+17 56787.5115667701 7.37676162585266 24024.9467192852 0.232943642845881 -5.81477840834563 -4.02262222787122e-11 -9.62290786295491e-09 0 0 0 0 0 0 
8.02520000000191e-06 121.756212075297 2.74169318229946e+15 2.7486009426265e+15 2.98211520408788e+17 57493.8165125687 10.193936942001 23379.6649204215 -0.169204728782287 -1.62717854125681 -3.42840021076251e-11 -1.1114884535515e-08 0 0 0 0 0 0 
8.02540000000191e-06 116.404924133685 2.74160087653575e+15 2.74852010968278e+15 2.98211520408788e+17 58200.0163109499 7.52068057972848 22256.2919295737 -0.429348032898025 -5.25831739179238 -2.80648764716166e-11 -1.2345040657665e-08 0 0 0 0 0 0 
8.02560000000191e-06 111.547872564503 2.74152280119711e+15 2.74845271097544e+15 2.98211520408788e+17 58908.4822567468 4.02869445945836 21132.0607414387 -0.53523832647638 2.66636955465032 -2.61467933031123e-11 -1.34266000978597e-08 0 0 0 0 0 0 
8.02580000000191e-06 107.162764912645 2.74146253464409e+15 2.74840034996314e+15 2.98211520408788e+17 59632.1160135385 8.57939100762746 19728.1331059774 1.01617158898793 -2.11996414405204 -3.5721647524196e-11 -1.45649176861858e-08 0 0 0 0 0 0 
8.02600000000192e-06 103.227442867468 2.74142184055787e+15 2.74836496378541e+15 2.98211520408788e+17 60369.1804106447 10.3737787902882 17898.8514318594 -1.36931221073504 -15.6564950348485 -2.93057068383556e-11 -1.56966533773559e-08 0 0 0 0 0 0 
8.02620000000192e-06 99.7338556245813 2.7413795601601e+15 2.74834854007921e+15 2.98205090281178e+17 61104.6634609888 6.58685657304915 16351.7386434097 -1.06050733954845 -9.90212862012923 -3.68400965595054e-11 -1.6559700658961e-08 0 0 0 0 0 0 
8.02640000000192e-06 96.5635900978647 2.74138933454186e+15 2.74835256074235e+15 2.98205090281178e+17 61808.8270087214 4.11045103501224 15313.9862673305 -1.43109280229288 -7.4907597953634 -4.97517888068938e-11 -1.74795660204475e-08 0 0 0 0 0 0 
8.02660000000192e-06 93.7819119407235 2.74141367945623e+15 2.74837765494232e+15 2.98205090281178e+17 62464.0096171499 4.53442511752336 13601.1419235309 -1.79505620325225 -12.5396048664645 -3.79470338167235e-11 -1.81922782413814e-08 0 0 0 0 0 0 
8.02680000000192e-06 91.3755281976362 2.74145390798633e+15 2.74842355303534e+15 2.98205090281178e+17 63068.4017140751 5.09323753824708 11889.960434961 -0.194209290538684 -9.42738923223353 -4.55091694302836e-11 -1.89357507670182e-08 0 0 0 0 0 0 
8.02700000000192e-06 89.3708972682848 2.741515832357e+15 2.74848960211345e+15 2.98205090281178e+17 63617.7357274269 -0.081674540191534 10199.3782247751 -2.64971805925652 -11.8626110853598 -3.11983362195101e-11 -1.91851275840735e-08 0 0 0 0 0 0 
8.02720000000192e-06 87.7978827186719 2.74159673539901e+15 2.74857471868171e+15 2.98269565426518e+17 64110.007060289 1.01289084971172 8571.20641220056 -0.779454311812724 -10.9361200388799 -5.81923712637568e-11 -1.98187608158915e-08 0 0 0 0 0 0 
8.02740000000192e-06 86.6732426553092 2.74169970623364e+15 2.74867733975308e+15 2.98269565426518e+17 64546.0186784649 -4.67444057395193 7000.70189280414 -1.97891230030964 -1.38886579902956 -3.73306262557164e-11 -2.01279177227319e-08 0 0 0 0 0 0 
8.02760000000192e-06 86.0142407410011 2.7418202141154e+15 2.74879600609505e+15 2.98269565426518e+17 64928.8465477205 -1.20675680458539 5549.56735487943 -0.728933258386877 0.284838202351638 -2.59634923721763e-11 -2.01049730549098e-08 0 0 0 0 0 0 
8.02780000000192e-06 85.8133874238879 2.74195381029269e+15 2.74892906857512e+15 2.98269565426518e+17 65262.6846812476 -4.33360036743982 4248.18749624841 -1.89748787479676 -8.81221100098111 -2.81873704251746e-11 -2.007382788846e-08 0 0 0 0 0 0 
8.02800000000192e-06 86.0614964462992 2.74210544203445e+15 2.74907490851587e+15 2.98269565426518e+17 65558.6445496425 -3.39023673710539 3110.93638243606 -0.305562649935407 -2.4875960640803 -3.46010949393771e-11 -2.01758188677372e-08 0 0 0 0 0 0 
8.02820000000192e-06 86.7571789157126 2.74226698786019e+15 2.7492322050434e+15 2.98380350900891e+17 65825.8258329534 0.583735671550029 2110.67796509634 -1.4706129728577 -2.5428565583344 -3.56451232460197e-11 -2.03484950532101e-08 0 0 0 0 0 0 
8.02840000000193e-06 87.8826272795434 2.74242021454278e+15 2.74939980302961e+15 2.98380350900891e+17 66056.2675417541 2.16055413085633 1301.74273852799 -2.60950450051376 -4.1796115135951 -4.05037772747669e-11 -2.01372709234123e-08 0 0 0 0 0 0 
8.02860000000193e-06 89.4257449562701 2.74261655510585e+15 2.74957655197224e+15 2.98380350900891e+17 66236.6478158379 -0.593589611290522 718.910242456078 -1.64630021530064 -4.89827240472986 -2.59859460988964e-11 -1.94596302992061e-08 0 0 0 0 0 0 
8.02880000000193e-06 91.3920197087715 2.74281905699588e+15 2.74976053136454e+15 2.98380350900891e+17 66370.5663736055 -6.50920043083162 271.281847603241 -1.69513796595531 -15.3971502810246 -2.98800531938502e-11 -1.87778075184615e-08 0 0 0 0 0 0 
8.02900000000193e-06 93.7693586906024 2.74301862726232e+15 2.74994991807341e+15 2.98380350900891e+17 66465.2453724326 -3.76985457818174 27.8297664030678 -2.46289497597471 -9.49187089635903 -2.65202697397536e-11 -1.85620886472514e-08 0 0 0 0 0 0 
8.02920000000193e-06 96.5426684633704 2.74322117121632e+15 2.75014304813928e+15 2.98513323593094e+17 66526.3231843133 0.432161773436024 -14.2016820406563 -1.41613577292179 -6.42780791854648 -3.72708311169384e-11 -1.79113628839467e-08 0 0 0 0 0 0 
8.02940000000193e-06 99.6981684404037 2.74342902067483e+15 2.7503384714172e+15 2.98513323593094e+17 66557.9343987484 -3.12962701602824 135.409124898953 -3.42261557548678 -3.32162151402177 -1.73922817993891e-11 -1.68825740124466e-08 0 0 0 0 0 0 
8.02960000000193e-06 103.232857390358 2.74363683043655e+15 2.75053520176582e+15 2.98513323593094e+17 66564.5019815096 -4.47504202509421 461.511425760746 -2.44500032732117 5.07445853941336 -1.57829205995287e-11 -1.58236297659515e-08 0 0 0 0 0 0 
8.02980000000193e-06 107.124133483571 2.74384502090067e+15 2.75073222443738e+15 2.98513323593094e+17 66549.8479338086 -5.38084433118384 948.47135041569 -0.994735675373058 1.54644030486509 -1.52664400343463e-11 -1.48717721444575e-08 0 0 0 0 0 0 
8.03000000000193e-06 111.349314511116 2.74405114273176e+15 2.75092867878284e+15 2.98513323593094e+17 66517.2625360838 -3.76589098593731 1579.68979725829 -3.14544556405306 -6.57549054770757 -2.02609108616291e-11 -1.40394368810268e-08 0 0 0 0 0 0 
8.03020000000193e-06 115.889701788264 2.74425490481575e+15 2.75112386291493e+15 2.98647129427918e+17 66469.285115004 -1.48358451798826 2327.89722614579 -1.06103858491967 -1.75181892850692 -1.52048431665823e-11 -1.29147278438383e-08 0 0 0 0 0 0 
8.03040000000193e-06 120.71939250683 2.74445725769162e+15 2.75131699467093e+15 2.98647129427918e+17 66407.43414431 -3.82416010287628 3178.64845675215 -3.23879267059265 1.03639687808271 -7.40931110669492e-12 -1.15452000822577e-08 0 0 0 0 0 0 
8.03060000000194e-06 125.813739949332 2.74465409527179e+15 2.75150765363064e+15 2.98647129427918e+17 66333.2596210777 -2.66011861940831 4138.51986568525 -1.39274240976339 -13.6215416399636 -9.92128535440715e-12 -1.02946323497754e-08 0 0 0 0 0 0 
8.03080000000194e-06 131.169937471588 2.74484499716634e+15 2.75169534852417e+15 2.98647129427918e+17 66244.8841916769 -2.43527001611409 5280.13048651781 -1.36110652522424 11.1603734982005 4.35942818444603e-12 -8.97997295562954e-09 0 0 0 0 0 0 
8.03100000000194e-06 136.803880840527 2.74501690319821e+15 2.75187951679149e+15 2.98647129427918e+17 66130.4310790773 -1.33900199862191 6227.92471206632 -2.62897127876631 -9.22794302041339 2.02911069988472e-12 -7.70211491031637e-09 0 0 0 0 0 0 
8.03120000000194e-06 142.69267247379 2.74519954668511e+15 2.75205915414859e+15 2.9877079513738e+17 65979.2833650241 -0.283632330050324 7186.0867270549 -2.67950709837796 -5.86792308264797 -4.62823964517238e-12 -6.27863491225528e-09 0 0 0 0 0 0 
8.03140000000194e-06 148.8110969819 2.74537810176714e+15 2.75223276322256e+15 2.9877079513738e+17 65797.790946151 0.576430784046907 8204.44841704498 -0.815106814223202 11.2766369773239 9.70107559307727e-12 -4.69820224915924e-09 0 0 0 0 0 0 
8.03160000000194e-06 155.124463786022 2.74554463882878e+15 2.75239921397607e+15 2.9877079513738e+17 65594.7936381639 1.53261143604547 9201.36288275204 -2.60243497607118 -10.6173945023853 1.29520451389239e-11 -3.38164260460313e-09 0 0 0 0 0 0 
8.03180000000194e-06 161.606011755511 2.74570169411728e+15 2.75255771637982e+15 2.9877079513738e+17 65376.4749187298 2.34860030115588 10158.4644156412 -1.20869486656349 4.53133787343257 7.14648502402758e-12 -1.8300355923474e-09 0 0 0 0 0 0 
8.03200000000194e-06 168.216186260551 2.74584863994642e+15 2.7527077434806e+15 2.9877079513738e+17 65149.488679788 3.41133299667242 11202.4754522193 -1.75954620270566 7.87426304717977 9.68720433121724e-12 -4.10191938601378e-10 0 0 0 0 0 0 
8.03220000000194e-06 174.939877899295 2.74598911550512e+15 2.75284902604376e+15 2.98869959450187e+17 64921.7921207271 3.31902912360924 12009.2065430132 -1.4163713559522 0.791487429214977 7.21799051239202e-12 9.23381694801549e-10 0 0 0 0 0 0 
8.03240000000194e-06 181.757404530263 2.74612067694371e+15 2.75298171216095e+15 2.98869959450187e+17 64705.9563535292 5.01183850036401 12746.6744389323 -1.76676601911419 -3.70182493836076 2.3459058485696e-11 2.60374331846668e-09 0 0 0 0 0 0 
8.03260000000195e-06 188.601159568577 2.74624478883309e+15 2.75310626870567e+15 2.98869959450187e+17 64512.0673116529 5.46458481337886 13410.4680878372 0.066720141339337 -6.59602628199672 1.72201550884415e-11 3.89015503427439e-09 0 0 0 0 0 0 
8.03280000000195e-06 195.388770343849 2.74636207598416e+15 2.75322359700417e+15 2.98869959450187e+17 64339.6109624211 6.65407760953674 13951.5824841581 -0.603317941605784 -3.22278313675573 2.62550819434304e-11 5.44874806201327e-09 0 0 0 0 0 0 
8.03300000000195e-06 202.049711406513 2.74647343810066e+15 2.75333455727004e+15 2.98869959450187e+17 64184.4403128934 5.62675720717404 14356.2876925299 0.279194617387859 5.02097826226955 2.95502538405066e-11 6.65028507916501e-09 0 0 0 0 0 0 
8.03320000000195e-06 208.551163815148 2.74657942244778e+15 2.75343980965964e+15 2.98945902023551e+17 64042.9713108855 7.20020177258983 14690.0565243111 -0.679772239065882 -9.81716581149731 3.20759825635994e-11 8.05340290561624e-09 0 0 0 0 0 0 
8.03340000000195e-06 214.915428924203 2.74666558466302e+15 2.75354005973283e+15 2.98945902023551e+17 63895.2940676555 7.46602792468489 14545.9442309541 0.512676216109784 6.95180994418184 3.27610741641382e-11 9.40281879879124e-09 177.395130366417 2.74375685928501e+15 10034.6966568324 1.02100234539564e+21 60940.0988892691 1.7351891535672 
8.03360000000195e-06 221.245032893327 2.74676242279531e+15 2.75363498750156e+15 2.98945902023551e+17 63716.5746566245 9.43929331295181 14562.705246936 0.973364911069194 -9.31037903122291 2.37059861040427e-11 1.0767482461733e-08 177.395130366417 2.74375685928501e+15 10034.6966568324 1.02100234539564e+21 60940.0988892691 1.7351891535672 
8.03380000000195e-06 227.431095593738 2.74686192726191e+15 2.75372353569852e+15 2.98945902023551e+17 63497.3669844274 5.28309290426858 14853.317729137 -0.181398344586428 -12.9221751806178 3.05226062276407e-11 1.18263451534507e-08 177.395130366417 2.74375685928501e+15 10034.6966568324 1.02100234539564e+21 60940.0988892691 1.7351891535672 
8.03400000000195e-06 233.479821091463 2.74694979205237e+15 2.75380435230093e+15 2.98945902023551e+17 63240.224908936 8.78743584719259 14724.0460014642 0.397637850792078 -2.34089267265591 3.80447729903039e-11 1.3025607672749e-08 177.395130366417 2.74375685928501e+15 10034.6966568324 1.02100234539564e+21 60940.0988892691 1.7351891535672 
8.03420000000195e-06 239.417531073521 2.7470271822877e+15 2.75387622441984e+15 2.98999930951248e+17 62955.4077532197 5.11420177099061 14476.6602794162 0.27507444639181 -23.5949179137309 2.90754937442941e-11 1.40366317217681e-08 177.395130366417 2.74375685928501e+15 10034.6966568324 1.02100234539564e+21 60940.0988892691 1.7351891535672 
8.03440000000195e-06 245.227506028849 2.74709816435342e+15 2.75393852616105e+15 2.98999930951248e+17 62653.1470360578 8.00449927784254 14063.7834879831 1.35660191427852 -8.04613897978095 4.29380948926736e-11 1.53464701853649e-08 177.395130366417 2.74375685928501e+15 10034.6966568324 1.02100234539564e+21 60940.0988892691 1.7351891535672 
8.03460000000196e-06 250.840154549177 2.74716262876129e+15 2.75399071469442e+15 2.98999930951248e+17 62344.0145089136 7.31136385323846 13462.5984052854 2.10287237172402 -14.4239521593935 3.86231569028107e-11 1.61526568536837e-08 177.395130366417 2.74375685928501e+15 10034.6966568324 1.02100234539564e+21 60940.0988892691 1.7351891535672 
8.03480000000196e-06 255.953501259751 2.74722233781656e+15 2.7540327921621e+15 2.98999930951248e+17 62033.723591242 -0.25996791823082 12437.8950348066 1.23050308167376 -14.9643645182416 4.08998676643545e-11 1.66134406554315e-08 177.395130366417 2.74375685928501e+15 10034.6966568324 1.02100234539564e+21 60940.0988892691 1.7351891535672 
8.03500000000196e-06 260.639387685655 2.74726818201838e+15 2.754064964818e+15 2.98999930951248e+17 61711.5444330302 3.36423709000129 11535.909877188 0.383412510503157 5.16967362924487 3.44123432980974e-11 1.79848476532846e-08 177.395130366417 2.74375685928501e+15 10034.6966568324 1.02100234539564e+21 60940.0988892691 1.7351891535672 
8.03520000000196e-06 265.00739327057 2.74730390498596e+15 2.75408713204822e+15 2.99020099618379e+17 61373.2532444469 6.0994039948536 10818.7078733661 0.906998486818939 0.00269647447024778 3.27498065886573e-11 1.85134671830592e-08 177.395130366417 2.74375685928501e+15 10034.6966568324 1.02100234539564e+21 60940.0988892691 1.7351891535672 
8.03540000000196e-06 269.027518866133 2.74733035772567e+15 2.75409920364477e+15 2.99020099618379e+17 61019.1916253392 2.85305160152185 9981.23170313877 2.41769501919865 11.9514345571479 3.8096593299174e-11 1.91656317563046e-08 177.395130366417 2.74375685928501e+15 10034.6966568324 1.02100234539564e+21 60940.0988892691 1.7351891535672 
8.03560000000196e-06 272.660905982579 2.7473489209028e+15 2.75410091550794e+15 2.99020099618379e+17 60652.9192706329 2.9513570514057 9048.26991259902 2.27986714640896 -0.683064640724791 3.17138045190622e-11 1.98246091088531e-08 177.395130366417 2.74375685928501e+15 10034.6966568324 1.02100234539564e+21 60940.0988892691 1.7351891535672 
8.03580000000196e-06 275.854962961121 2.74735891548058e+15 2.75409228767528e+15 2.99020099618379e+17 60278.607915109 2.43491974607743 8034.71131570695 3.11754981029786 4.33009812018831 3.14198172645779e-11 2.04185302268155e-08 177.395130366417 2.74375685928501e+15 10034.6966568324 1.02100234539564e+21 60940.0988892691 1.7351891535672 
8.03600000000196e-06 278.483809500372 2.74736170838523e+15 2.75407349940622e+15 2.99020099618379e+17 59893.3753933275 -1.8311900796774 6581.02559801286 1.61877799552327 -3.08302803405236 3.45396143773259e-11 2.0598554001167e-08 177.395130366417 2.74375685928501e+15 10034.6966568324 1.02100234539564e+21 60940.0988892691 1.7351891535672 
8.03620000000196e-06 280.508930820831 2.74735626865089e+15 2.75404470376132e+15 2.99002890641872e+17 59493.7615697182 6.26767101530505 5377.6603918382 3.28964998010582 -2.91771735247664 3.06303140235763e-11 2.08409112086967e-08 177.395130366417 2.74375685928501e+15 10034.6966568324 1.02100234539564e+21 60940.0988892691 1.7351891535672 
8.03640000000196e-06 281.904466571153 2.74733478809426e+15 2.75400606215154e+15 2.99002890641872e+17 59082.8973433 -2.87241558589366 4280.0897533288 2.31679483586645 13.7343411634587 3.41799899865256e-11 2.06559814500996e-08 177.395130366417 2.74375685928501e+15 10034.6966568324 1.02100234539564e+21 60940.0988892691 1.7351891535672 
8.03660000000197e-06 282.605967489716 2.74730808564036e+15 2.75395773491461e+15 2.99002890641872e+17 58662.4760067289 -3.6210421770517 3245.65024822388 1.76537910582779 -3.83844721302074 1.8999228691093e-11 2.07003210807594e-08 177.395130366417 2.74375685928501e+15 10034.6966568324 1.02100234539564e+21 60940.0988892691 1.7351891535672 
8.03680000000197e-06 282.554185017174 2.74726934630278e+15 2.75390004194445e+15 2.99002890641872e+17 58233.9905844478 -0.184330145547307 2278.41511041196 2.14914498935948 -0.631512770047993 3.01011291533659e-11 2.06518228982348e-08 177.395130366417 2.74375685928501e+15 10034.6966568324 1.02100234539564e+21 60940.0988892691 1.7351891535672 
8.03700000000197e-06 281.721326041463 2.7472194716784e+15 2.75383337289323e+15 2.99002890641872e+17 57798.0969216872 -2.30203550877123 1414.7636924531 2.25489249304909 7.56923042073753 3.04672305282795e-11 2.02892295829218e-08 177.395130366417 2.74375685928501e+15 10034.6966568324 1.02100234539564e+21 60940.0988892691 1.7351891535672 
8.03720000000197e-06 280.08269961885 2.74715968805827e+15 2.75375812929936e+15 2.98947045164613e+17 57355.6776728855 -1.2264325272934 704.024366044136 3.03197117014263 5.62766717831187 2.28530072904332e-11 1.97695950072111e-08 177.395130366417 2.74375685928501e+15 10034.6966568324 1.02100234539564e+21 60940.0988892691 1.7351891535672 
8.03740000000197e-06 277.598261315721 2.74709107585039e+15 2.75367483980303e+15 2.98947045164613e+17 56907.2724535726 -5.18883422764582 189.021255988985 1.93134761713978 20.2425715923522 3.99897430390867e-11 1.91708884840107e-08 177.395130366417 2.74375685928501e+15 10034.6966568324 1.02100234539564e+21 60940.0988892691 1.7351891535672 
8.03760000000197e-06 274.231860747072 2.74701374658766e+15 2.7535839801122e+15 2.98947045164613e+17 56452.8459300272 -5.97293516908912 -37.8989432480265 2.7202747392061 26.6105855674645 3.05174033689268e-11 1.87151876252921e-08 177.395130366417 2.74375685928501e+15 10034.6966568324 1.02100234539564e+21 60940.0988892691 1.7351891535672 
8.03780000000197e-06 270.00250200207 2.74692426017141e+15 2.7534860617051e+15 2.98947045164613e+17 55994.5342692172 -2.6838987611818 83.1365203705665 2.50184809009404 6.7796006868198 2.54595299499879e-11 1.78708837293881e-08 177.395130366417 2.74375685928501e+15 10034.6966568324 1.02100234539564e+21 60940.0988892691 1.7351891535672 
8.03800000000197e-06 264.992587003522 2.74682746630732e+15 2.75338163129429e+15 2.98947045164613e+17 55538.3945756859 -5.48931537751827 569.948154263177 2.34373132935098 16.2702217861784 2.75921317514538e-11 1.68286510267119e-08 177.395130366417 2.74375685928501e+15 10034.6966568324 1.02100234539564e+21 60940.0988892691 1.7351891535672 
8.03820000000197e-06 259.228855803964 2.74672389835298e+15 2.75327133403067e+15 2.98855502470011e+17 55092.2371316548 -5.79584692667044 1444.93004324232 1.54528121183921 22.415662621637 2.27358409881432e-11 1.57541719230533e-08 177.395130366417 2.74375685928501e+15 10034.6966568324 1.02100234539564e+21 60940.0988892691 1.7351891535672 
8.03840000000197e-06 252.777901973728 2.74661216058568e+15 2.75315580344801e+15 2.98855502470011e+17 54664.8893290815 -4.24913672648453 2710.32698357528 2.37064126347467 10.2331562360724 2.27365844529195e-11 1.47607835422215e-08 177.395130366417 2.74375685928501e+15 10034.6966568324 1.02100234539564e+21 60940.0988892691 1.7351891535672 
8.03860000000197e-06 245.721074167248 2.74648855076591e+15 2.75303573848209e+15 2.98855502470011e+17 54265.8515721148 -4.50764223985321 4356.30446875367 2.97624432521725 23.236896943457 1.27870272197936e-11 1.35004036381965e-08 177.395130366417 2.74375685928501e+15 10034.6966568324 1.02100234539564e+21 60940.0988892691 1.7351891535672 
8.03880000000198e-06 238.159515624411 2.74636390507994e+15 2.7529118369436e+15 2.98855502470011e+17 53905.1290051043 -4.18838498366417 6294.32104585509 1.28130956065539 19.4152900933185 1.59609804334891e-11 1.20788339217944e-08 177.395130366417 2.74375685928501e+15 10034.6966568324 1.02100234539564e+21 60940.0988892691 1.7351891535672 
8.03900000000198e-06 230.207935487832 2.74622898222173e+15 2.75278477927124e+15 2.98855502470011e+17 53593.2965747233 -3.4188425601796 8434.62095432645 1.35410167807896 26.5420882541738 9.1167253274284e-12 1.07583869310478e-08 177.395130366417 2.74375685928501e+15 10034.6966568324 1.02100234539564e+21 60940.0988892691 1.7351891535672 
8.03920000000198e-06 221.936198400265 2.7460871987451e+15 2.75265532136472e+15 2.98738557949131e+17 53343.2304157664 -2.43951547752018 10942.0487381735 1.10275071526515 12.211073613284 2.90502451589248e-12 9.44222750361638e-09 177.395130366417 2.74375685928501e+15 10034.6966568324 1.02100234539564e+21 60940.0988892691 1.7351891535672 
8.03940000000198e-06 213.497058608818 2.74593582625548e+15 2.7525239856186e+15 2.98738557949131e+17 53167.6725690766 -1.20668159798345 13456.1321305748 0.690469567277457 18.2566344227395 8.45739709906943e-12 8.05385116105074e-09 177.395130366417 2.74375685928501e+15 10034.6966568324 1.02100234539564e+21 60940.0988892691 1.7351891535672 
8.03960000000198e-06 205.034011087528 2.7457827515227e+15 2.75239141338975e+15 2.98738557949131e+17 53075.9868454933 -0.695973682944666 15777.7724266127 1.99655722401891 41.1562023692748 2.08176646130403e-12 6.31780608030674e-09 177.395130366417 2.74375685928501e+15 10034.6966568324 1.02100234539564e+21 60940.0988892691 1.7351891535672 
8.03980000000198e-06 196.570309948827 2.74562127212705e+15 2.75225821772421e+15 2.98738557949131e+17 53070.6930092003 0.46872700113803 17589.8065247614 0.0727983731685822 20.3658700731469 -6.75611101927109e-12 4.88544696299155e-09 177.395130366417 2.74375685928501e+15 10034.6966568324 1.02100234539564e+21 60940.0988892691 1.7351891535672 
8.04000000000198e-06 188.101831928915 2.74546658770877e+15 2.75212498464288e+15 2.98738557949131e+17 53145.2191742176 1.28254805752991 19044.9709684807 1.84144377221609 11.9368237641198 -9.40132855304974e-12 3.34701544710972e-09 177.395130366417 2.74375685928501e+15 10034.6966568324 1.02100234539564e+21 60940.0988892691 1.7351891535672 
8.04020000000198e-06 179.766299172425 2.74530724645646e+15 2.75199226250945e+15 2.98616582554419e+17 53300.3858849689 2.62997048035994 20463.1552635572 2.15189958062831 18.6463744657177 -1.02493706669165e-11 1.63461466122071e-09 177.395130366417 2.74375685928501e+15 10034.6966568324 1.02100234539564e+21 60940.0988892691 1.7351891535672 
8.04040000000198e-06 171.595237567539 2.74514685694412e+15 2.7518606020786e+15 2.98616582554419e+17 53536.5319948777 3.03808674863772 21629.519439826 -1.25445288568716 6.96993152697143 -1.51360013227401e-11 1.82533614168369e-10 177.395130366417 2.74375685928501e+15 10034.6966568324 1.02100234539564e+21 60940.0988892691 1.7351891535672 
8.04060000000198e-06 163.624535593221 2.7449783131012e+15 2.75173067261846e+15 2.98616582554419e+17 53850.4649227492 4.52773074500848 22951.3062918863 2.29860824909344 10.808198270397 -1.81983728091469e-11 -1.57150932660571e-09 177.395130366417 2.74375685928501e+15 10034.6966568324 1.02100234539564e+21 60940.0988892691 1.7351891535672 
8.04080000000198e-06 156.037179463459 2.74481208128435e+15 2.75160321959607e+15 2.98616582554419e+17 54240.9905250806 5.01002412382659 24380.1885224607 0.0516302347832761 19.5048277681754 -1.83565694725862e-11 -2.99526214715798e-09 177.395130366417 2.74375685928501e+15 10034.6966568324 1.02100234539564e+21 60940.0988892691 1.7351891535672 
8.04100000000199e-06 148.914227780405 2.74466651106285e+15 2.75147914113677e+15 2.98616582554419e+17 54708.9971596654 4.89204056836517 24479.1394679143 1.75643055163419 -4.0209085854993 -2.79176497765997e-11 -4.50310619588972e-09 177.395130366417 2.74375685928501e+15 10034.6966568324 1.02100234539564e+21 60940.0988892691 1.7351891535672 
8.04120000000199e-06 142.238993284203 2.74452155494291e+15 2.75135956038613e+15 2.98514050193792e+17 55255.3139618427 6.65473555850911 24298.2224430729 -0.47227779707533 -5.42040419940636 -3.0005940427654e-11 -6.07202477175348e-09 177.395130366417 2.74375685928501e+15 10034.6966568324 1.02100234539564e+21 60940.0988892691 1.7351891535672 
8.04140000000199e-06 135.929155655086 2.74438681802379e+15 2.7512458872027e+15 2.98514050193792e+17 55876.8343647838 7.322854592236 24009.8618930363 -0.755563106701197 -12.5549512575657 -3.40717445006841e-11 -7.67407409439472e-09 177.395130366417 2.74375685928501e+15 10034.6966568324 1.02100234539564e+21 60940.0988892691 1.7351891535672 
8.04160000000199e-06 129.787084014828 2.74425819463297e+15 2.75113989780587e+15 2.98514050193792e+17 56555.2546940976 6.3751157592087 23699.7281596347 0.8667519124387 0.153728955864357 -3.41641200693243e-11 -9.14777412805491e-09 177.395130366417 2.74375685928501e+15 10034.6966568324 1.02100234539564e+21 60940.0988892691 1.7351891535672 
8.04180000000199e-06 123.7533002038 2.74414086558166e+15 2.75104351580583e+15 2.98514050193792e+17 57258.6949490437 7.16697494247899 23637.3628781488 0.402563771206738 15.9169814396303 -2.80878778266296e-11 -1.04432708491642e-08 177.395130366417 2.74375685928501e+15 10034.6966568324 1.02100234539564e+21 60940.0988892691 1.7351891535672 
8.04200000000199e-06 118.240254770064 2.74404295503711e+15 2.75095851408595e+15 2.98514050193792e+17 57963.9685960681 5.64650962886724 22642.141411377 -0.114561934853491 -9.46717489061629 -3.72723565574969e-11 -1.19300479519173e-08 177.395130366417 2.74375685928501e+15 10034.6966568324 1.02100234539564e+21 60940.0988892691 1.7351891535672 
8.04220000000199e-06 113.225158279505 2.7439618173676e+15 2.75088643941302e+15 2.98462021950126e+17 58669.417334999 9.60766311592327 21404.8473787171 -1.24333421035153 -4.73650805929557 -3.45946987611454e-11 -1.32929326134784e-08 177.395130366417 2.74375685928501e+15 10034.6966568324 1.02100234539564e+21 60940.0988892691 1.7351891535672 
8.04240000000199e-06 108.677687398847 2.74389441818477e+15 2.75082879499515e+15 2.98462021950126e+17 59387.1467804831 7.93088132254186 20289.3575348492 -0.166031361392106 -11.8908757529662 -3.31715566883403e-11 -1.41638979689597e-08 177.395130366417 2.74375685928501e+15 10034.6966568324 1.02100234539564e+21 60940.0988892691 1.7351891535672 
8.04260000000199e-06 104.597845514676 2.74384698336328e+15 2.75078745932484e+15 2.98462021950126e+17 60119.6705996111 5.14340206794674 18462.9607031586 0.103189227831167 -19.2831725419757 -2.91662614298392e-11 -1.50905538371815e-08 177.395130366417 2.74375685928501e+15 10034.6966568324 1.02100234539564e+21 60940.0988892691 1.7351891535672 
8.04280000000199e-06 100.963579528572 2.74380592649566e+15 2.75076441200103e+15 2.98462021950126e+17 60858.5954386222 5.77483806508748 16769.8057604208 -1.4255132734378 -9.08678950966044 -4.62278542239182e-11 -1.63018644578592e-08 177.395130366417 2.74375685928501e+15 10034.6966568324 1.02100234539564e+21 60940.0988892691 1.7351891535672 
8.043000000002e-06 97.6923441892685 2.74379530742056e+15 2.75076145113602e+15 2.98462021950126e+17 61574.6449726523 8.6568983610828 15833.6178547416 -1.30899857245443 -17.086777828888 -3.99836330220837e-11 -1.73260381721347e-08 177.395130366417 2.74375685928501e+15 10034.6966568324 1.02100234539564e+21 60940.0988892691 1.7351891535672 
8.043200000002e-06 94.7820002453232 2.74381723067668e+15 2.75077948138109e+15 2.98480822017529e+17 62246.2088628347 7.42590998576435 14179.6807122461 -1.03248961602861 -18.5734704813665 -3.9373838851352e-11 -1.81071564614683e-08 177.395130366417 2.74375685928501e+15 10034.6966568324 1.02100234539564e+21 60940.0988892691 1.7351891535672 
8.043400000002e-06 92.2435964356949 2.74385130204671e+15 2.75081836892861e+15 2.98480822017529e+17 62867.6329576378 6.66327988566736 12444.9266629665 -1.27548092607358 -18.9246930519797 -4.91022276398657e-11 -1.87270084973419e-08 177.395130366417 2.74375685928501e+15 10034.6966568324 1.02100234539564e+21 60940.0988892691 1.7351891535672 
8.043600000002e-06 90.0994056496254 2.74390632868868e+15 2.75087766880406e+15 2.98480822017529e+17 63435.2167023539 0.907517021328993 10747.8622768165 0.142635894126624 -16.409648105558 -3.84384001213532e-11 -1.90852252409374e-08 177.395130366417 2.74375685928501e+15 10034.6966568324 1.02100234539564e+21 60940.0988892691 1.7351891535672 
8.043800000002e-06 88.3821946998514 2.74398064637635e+15 2.75095642821227e+15 2.98480822017529e+17 63945.663702945 5.75568769238581 9095.44866952213 -1.06465733296173 -6.44619555973612 -5.55218460595704e-11 -1.97841799061606e-08 177.395130366417 2.74375685928501e+15 10034.6966568324 1.02100234539564e+21 60940.0988892691 1.7351891535672 
8.044000000002e-06 87.1131966034488 2.74407579570039e+15 2.75105331093671e+15 2.98480822017529e+17 64399.5589230823 7.10414174047691 7505.41340216902 -2.00861773513734 3.36599566514483 -3.44761783375216e-11 -2.04898351235883e-08 177.395130366417 2.74375685928501e+15 10034.6966568324 1.02100234539564e+21 60940.0988892691 1.7351891535672 
8.044200000002e-06 86.2993786657758 2.74419013651094e+15 2.75116676715876e+15 2.98563768510541e+17 64799.7120116568 4.72675446539475 6025.17833080917 -1.00529997852564 10.356622347295 -4.12534193067588e-11 -2.03145271827156e-08 177.395130366417 2.74375685928501e+15 10034.6966568324 1.02100234539564e+21 60940.0988892691 1.7351891535672 
8.044400000002e-06 85.9405280216875 2.74432248387946e+15 2.75129501304184e+15 2.98563768510541e+17 65149.2130469126 0.583737257742908 4653.2590143414 -2.20223297106417 -13.8727732814912 -3.40523097422289e-11 -2.01824324240554e-08 177.395130366417 2.74375685928501e+15 10034.6966568324 1.02100234539564e+21 60940.0988892691 1.7351891535672 
8.044600000002e-06 86.0357726134457 2.74446440877082e+15 2.75143656712304e+15 2.98563768510541e+17 65455.5682802199 1.09716293120259 3489.19583615293 -1.34557505443687 -19.9994653528566 -3.15653449005973e-11 -2.02991318566539e-08 177.395130366417 2.74375685928501e+15 10034.6966568324 1.02100234539564e+21 60940.0988892691 1.7351891535672 
8.044800000002e-06 86.5857973577797 2.74462420266757e+15 2.75158996894328e+15 2.98563768510541e+17 65731.305682418 1.00256054540543 2419.58770211202 -2.36195487725513 -4.55109122703662 -3.78862445394158e-11 -2.034516983826e-08 177.395130366417 2.74375685928501e+15 10034.6966568324 1.02100234539564e+21 60940.0988892691 1.7351891535672 
8.04500000000201e-06 87.5748848932202 2.74478130652573e+15 2.75175417536585e+15 2.98563768510541e+17 65975.9202653777 -1.76519804154303 1540.02709614384 -2.71489936622281 -11.0185265157467 -3.21199091531791e-11 -2.01329563091897e-08 177.395130366417 2.74375685928501e+15 10034.6966568324 1.02100234539564e+21 60940.0988892691 1.7351891535672 
8.04520000000201e-06 88.978197639058 2.74495758405824e+15 2.75192801243076e+15 2.98684915931117e+17 66172.9055649605 -4.36792375522585 910.544358551967 -1.93215026658109 -13.6929774402952 -3.55350437105462e-11 -1.95253610246168e-08 177.395130366417 2.74375685928501e+15 10034.6966568324 1.02100234539564e+21 60940.0988892691 1.7351891535672 
8.04540000000201e-06 90.7984425598086 2.74516476970589e+15 2.75210951503974e+15 2.98684915931117e+17 66321.0000593824 -4.9917022613416 399.252958902926 -1.38388517386849 -9.5414266619639 -3.05026223556731e-11 -1.90142372668696e-08 177.395130366417 2.74375685928501e+15 10034.6966568324 1.02100234539564e+21 60940.0988892691 1.7351891535672 
8.04560000000201e-06 93.0380107090531 2.74536361315583e+15 2.75229698656506e+15 2.98684915931117e+17 66427.2319374074 -1.55109491468693 86.2299708033195 -2.21749026848251 -9.87472402596137 -2.69134874192661e-11 -1.87452368193462e-08 177.395130366417 2.74375685928501e+15 10034.6966568324 1.02100234539564e+21 60940.0988892691 1.7351891535672 
8.04580000000201e-06 95.6804952123256 2.74556524668076e+15 2.75248876647491e+15 2.98684915931117e+17 66498.4293517548 -7.56966069960138 -22.2752226522938 -2.10436159160572 2.6040611395326 -3.12898984198163e-11 -1.77729284441533e-08 177.395130366417 2.74375685928501e+15 10034.6966568324 1.02100234539564e+21 60940.0988892691 1.7351891535672 
8.04600000000201e-06 98.7127325493764 2.74577077307451e+15 2.75268345190946e+15 2.98684915931117e+17 66539.5279237133 -6.57952384269111 64.4569293686449 -3.00650177743664 -11.6893124705135 -2.43321612997503e-11 -1.7137804603487e-08 177.395130366417 2.74375685928501e+15 10034.6966568324 1.02100234539564e+21 60940.0988892691 1.7351891535672 
8.04620000000201e-06 102.122077141799 2.74597732549568e+15 2.75287973458957e+15 2.98819757722662e+17 66554.2874358759 -2.95344578024659 331.261974439924 -2.79045695956401 0.583758344803762 -2.15567735932243e-11 -1.62371759046067e-08 177.395130366417 2.74375685928501e+15 10034.6966568324 1.02100234539564e+21 60940.0988892691 1.7351891535672 
8.04640000000201e-06 105.89128830367 2.74618660820175e+15 2.75307645437945e+15 2.98819757722662e+17 66546.0438548235 -4.29266414045724 765.976782539348 -2.14911059494643 -4.37195231797189 -1.21387407349651e-11 -1.52276124879278e-08 177.395130366417 2.74375685928501e+15 10034.6966568324 1.02100234539564e+21 60940.0988892691 1.7351891535672 
8.04660000000201e-06 110.004751996756 2.74639328488024e+15 2.7532728657677e+15 2.98819757722662e+17 66518.6015265242 -4.35302327603187 1350.36404455922 -1.57321464080043 -5.22194367535896 -1.58492921474279e-11 -1.43079977291126e-08 177.395130366417 2.74375685928501e+15 10034.6966568324 1.02100234539564e+21 60940.0988892691 1.7351891535672 
8.04680000000201e-06 114.440432490278 2.74659746101107e+15 2.75346819002138e+15 2.98819757722662e+17 66475.122028466 -5.19847825590758 2061.01342555227 -2.88063258152021 11.9422103792255 -1.52290191427689e-11 -1.30420431959179e-08 177.395130366417 2.74375685928501e+15 10034.6966568324 1.02100234539564e+21 60940.0988892691 1.7351891535672 
8.04700000000202e-06 119.176549018079 2.74679993885527e+15 2.75366177849925e+15 2.98819757722662e+17 66417.6496623982 -3.94860733549811 2880.34941433675 -3.34312707775185 -7.18964805132174 -4.91365622981993e-12 -1.2025135866566e-08 177.395130366417 2.74375685928501e+15 10034.6966568324 1.02100234539564e+21 60940.0988892691 1.7351891535672 
8.04720000000202e-06 124.184019526211 2.74699895144764e+15 2.75385312894696e+15 2.98951054738946e+17 66347.5766667675 -2.10092478743713 3794.18528920905 -1.59149097481129 -10.4702621275735 -1.10934209639604e-11 -1.07998884747275e-08 177.395130366417 2.74375685928501e+15 10034.6966568324 1.02100234539564e+21 60940.0988892691 1.7351891535672 
8.04740000000202e-06 129.442841043131 2.74719081668414e+15 2.75404157330536e+15 2.98951054738946e+17 66263.8642656187 -2.1121196068919 4916.58426381659 -1.1197182841384 7.47734713253847 6.97390142052432e-12 -9.48988061506252e-09 177.395130366417 2.74375685928501e+15 10034.6966568324 1.02100234539564e+21 60940.0988892691 1.7351891535672 
8.04760000000202e-06 134.988607681294 2.74736816881218e+15 2.75422667355359e+15 2.98951054738946e+17 66160.0579687656 -1.47488885336138 5933.0946519128 -1.65465363771982 -10.8438478738279 -6.48903504130442e-12 -8.21320535746191e-09 177.395130366417 2.74375685928501e+15 10034.6966568324 1.02100234539564e+21 60940.0988892691 1.7351891535672 
8.04780000000202e-06 140.790596580819 2.74754604837993e+15 2.75440763380472e+15 2.98951054738946e+17 66020.5431413164 -0.781121845286882 6839.45693575491 -3.03818416466625 -5.48283221580483 1.87809994004711e-12 -6.61101172755615e-09 177.395130366417 2.74375685928501e+15 10034.6966568324 1.02100234539564e+21 60940.0988892691 1.7351891535672 
8.04800000000202e-06 146.833209291198 2.74772812075646e+15 2.75458304816539e+15 2.98951054738946e+17 65847.7014576271 0.23635910712971 7848.59823584853 0.307243269083114 8.19869412452524 7.69859452773488e-13 -5.20809243056623e-09 177.395130366417 2.74375685928501e+15 10034.6966568324 1.02100234539564e+21 60940.0988892691 1.7351891535672 
8.04820000000202e-06 153.081576266426 2.74789846237477e+15 2.75475163901086e+15 2.9906769469771e+17 65650.6888878011 0.650074648775566 8859.07590613891 -1.33911548267963 -10.3604065606118 1.45023987300105e-11 -4.04808202296113e-09 177.395130366417 2.74375685928501e+15 10034.6966568324 1.02100234539564e+21 60940.0988892691 1.7351891535672 
8.04840000000202e-06 159.50884081339 2.74805792650588e+15 2.7549124980439e+15 2.9906769469771e+17 65436.6891349895 2.06716032681829 9827.26814124347 -1.92029328129609 0.555134687366713 4.66322483098299e-12 -2.33498363893217e-09 177.395130366417 2.74375685928501e+15 10034.6966568324 1.02100234539564e+21 60940.0988892691 1.7351891535672 
8.04860000000202e-06 166.078753547692 2.74820713044947e+15 2.75506502166652e+15 2.9906769469771e+17 65211.3897151319 2.72576695257715 10865.5895824203 -1.47356392274271 -7.16170009373517 1.13594201339691e-11 -9.79048138259137e-10 177.395130366417 2.74375685928501e+15 10034.6966568324 1.02100234539564e+21 60940.0988892691 1.7351891535672 
8.04880000000202e-06 172.762964722063 2.7483505676432e+15 2.75520885095983e+15 2.9906769469771e+17 64982.6020099046 3.38146014216786 11730.3866435981 -1.50967936979965 0.844215362984777 5.18943922937037e-12 5.01242824423541e-10 177.395130366417 2.74375685928501e+15 10034.6966568324 1.02100234539564e+21 60940.0988892691 1.7351891535672 
8.04900000000202e-06 179.542724684161 2.74848321361613e+15 2.75534394087725e+15 2.9906769469771e+17 64760.298526799 5.0056583829434 12440.7344125657 -0.0275958879922139 5.28554713731908 1.87947460696976e-11 2.10958476562311e-09 177.395130366417 2.74375685928501e+15 10034.6966568324 1.02100234539564e+21 60940.0988892691 1.7351891535672 
8.04920000000203e-06 186.383591871493 2.74861051139887e+15 2.7554706049605e+15 2.99157499562262e+17 64558.2997754698 4.52119257258231 13189.6844126283 -0.269100751719544 -10.3959219190166 1.71878351691324e-11 3.3907367180629e-09 177.395130366417 2.74375685928501e+15 10034.6966568324 1.02100234539564e+21 60940.0988892691 1.7351891535672 
8.04940000000203e-06 193.200446039979 2.74872947539957e+15 2.75558980871742e+15 2.99157499562262e+17 64378.9171132371 6.03763419690962 13768.5107552631 -1.34215543229022 2.22725037904338 2.20747447315247e-11 4.89516492500586e-09 177.395130366417 2.74375685928501e+15 10034.6966568324 1.02100234539564e+21 60940.0988892691 1.7351891535672 
8.04960000000203e-06 199.908539410103 2.7488423455026e+15 2.75570236666405e+15 2.99157499562262e+17 64218.3279592017 5.32891067424697 14209.2807811351 -0.527148643603765 0.379893195705182 2.75964985150833e-11 6.20071264642241e-09 177.395130366417 2.74375685928501e+15 10034.6966568324 1.02100234539564e+21 60940.0988892691 1.7351891535672 
8.04980000000203e-06 206.459638332258 2.74894975791937e+15 2.75580902898156e+15 2.99157499562262e+17 64072.4690684002 7.10401570248148 14554.6899084376 -6.56176614438735e-05 -1.141012260537 3.35393503058947e-11 7.63472848351761e-09 177.395130366417 2.74375685928501e+15 10034.6966568324 1.02100234539564e+21 60940.0988892691 1.7351891535672 
8.05000000000203e-06 212.850118590891 2.74903871121585e+15 2.75591038152564e+15 2.99157499562262e+17 63929.5078269724 7.66249687822547 14636.4595363044 -0.277126519813157 -1.75972167952218 2.4326615223077e-11 8.99217736313722e-09 177.395130366417 2.74375685928501e+15 10034.6966568324 1.02100234539564e+21 60940.0988892691 1.7351891535672 
